November 3, 2020 Presidential General Election 
1001 1002 1018 1019 
1003 1014 1015 
1004 1005 1006 1007 
1008 1010 1011 1012 
1016 1017 1025 
1020 1021 1022 1024 
1201 1206 
1202 1203 1204 
1401 1403 1404 1411 
1405 1406 1407 
1408 1409 1410 
1501 1509 1510 1511 
1502 1503 1508 1517 
1504 1505 1506 1518 
1507 1515 1516 
1512 1513 1514 
1601 1603 1613 1637 
1602 1604 1606 1607 
1605 1638 
1608 1609 1610 
1612 1619 1620 1636 
1614 1617 1618 1639 
1701 1702 
1703 1704 1705 
1801 1804 
1802 1803 1849 
1806 1807 1818 
1810 1811 1814 
1812 1813 1850 
1815 1816 
1819 1821 1848 
1820 1838 
1833 1834 
1836 1837 1853 
2101 2104 2106 
2107 2108 
2110 2112 2113 2114 
2111 2116 2117 2118 
2133 2134 
2201 2203 2211 
2204 2206 
2205 2207 2208 
2214 2218 2226 
2215 2216 2217 2221 
2222 2223 2224 
2601 2602 2603 2682 
2604 2605 2606 2622 
2607 2608 2609 2685 
2610 2611 2621 2683 
2612 2613 2616 2617 
2614 2615 
2618 2619 2654 2655 
2620 2649 2651 2653 
2623 2624 2628 2686 
2625 2627 2644 2672 
2626 2643 2647 2648 
2629 2630 2634 2673 
2631 2632 2633 2684 
2636 2637 2638 
2646 2669 2670 2681 
2650 2652 2667 2668 
2656 2657 2658 2659 
2660 2661 2662 2680 
2663 2666 2677 2679 
2676 2678 
3001 3002 3003 3009 
3006 3007 
3103 3123 
3203 3204 
3210 3211 3306 3314 3382 
3213 3330 
3214 3725 
3303 3304 3305 
3313 3315 
3328 3329 
3325 3326 3327 
3401 3402 3403 
3406 3408 
3410 3411 
3412 3711 
3450 3454 3466 
3451 3452 3453 
3456 3457 3458 
3459 3460 3461 3462 
3510 3513 
3507 3509 3544 
3503 3504 3505 
3506 3532 
3508 3511 
3514 3515 3517 
3518 3520 3522 
3519 3521 3526 
3525 3527 3531 
3529 3530 
3540 3543 
3542 3548 
3601 3602 3604 
3603 3605 3618 
3606 3607 3608 3609 
3610 3611 3613 
3612 3629 3637 3639 
3614 3615 3641 
3616 3617 3640 
3622 3623 3625 3626 
3630 3633 
3701 3724 
3703 3709 
3720 3721 3722 
3803 3811 
3804 3812 
3807 3808 3813 
3901 3902 3905 3906 
4001 4004 4005 
4002 4003 4006 4013 
4007 4014 4015 
4008 4009 4010 4016 
4403 4404 
4410 4411 
4414 4415 4433 
4434 4438 
4501 4502 
4601 4602 4689 
4664 4690 4695 
4609 4801 
4612 4659 
4614 4637 
4617 4618 4693 
4624 4802 
4630 4631 
4633 4635 
4638 4670 
4651 4656 4658 
4680 4681 4683 4684 4688 
4682 4685 4686 4687 
4701 4702 
5001 5002 5004 
5101 5102 5103 
5521 5522 5539 
5525 5526 5530 5536 
5528 5532 5535 
5601 5602 5654 
5603 5604 5653 
5605 5606 5607 5655 
5608 5609 5610 5620 
5611 5613 5614 5657 
5612 5617 5618 5658 
5615 5616 5619 5656 
5621 5622 5623 5624 
5625 5627 5659 
5630 5631 5632 
5633 5641 5642 5643 
5634 5635 5637 5640 
5638 5639 5644 5645 
5646 5647 5648 
5649 5650 5660 
5651 5652 5661 
5823 5855 
5825 5826 
5827 5828 5854 
5831 5832 
5901 5904 
