September 14, 2021 California Gubernatorial Recall Election
10001 10002
10003 10014
10004 10005 10006
10007 10008
10010 10011
10013 10015
10016 10018
10017 10025
10019 10026
10020 10021
10022 10024
12001 12003 12040
12002 12004
12005 12038
12006 12007
12008 12009
12010 12012
12013 12036
12014 12039
12017 12018
12019 12020
14001 14002 14011
14003 14004
14006 14007
14008 14009
15001 15009
15002 15003
15004 15005 15006 15018
15007 15015 15019
15008 15017
15010 15011
15012 15013
17001 17002
17003 17004 17005 17006
17101 17106
17102 17103 17104 17105
18001 18054 18056
18002 18049
18006 18007 18018
18008 18060
18010 18011
18012 18050 18064
18013 18057 18065
18014 18058 18066
18015 18059
18016 18051 18063
18019 18048
18020 18038
18021 18061
18024 18062
18033 18034
18035 18053
18036 18037
18047 18055
21001 21004
21007 21008
21010 21011
21012 21013
21014 21015 21022
21016 21017
21018 21031
21032 21033 21034
22001 22002
22004 22013
22005 22006
22007 22008 22028
22010 22026
22011 22012
22014 22018
22015 22016 22017
22021 22023
22022 22024
22025 22027
26001 26002
26003 26082
26004 26005 26088
26006 26007
26008 26009
26010 26085
26011 26083
26012 26013
26014 26015
26016 26017
26018 26019
26021 26089
26022 26024
26023 26025 26026
26027 26043
26028 26086
26029 26030 26090
26031 26032
26033 26036 26084
26034 26073
26037 26038
26039 26087
26044 26047
26046 26069
26048 26049
26050 26051 26091
26052 26053
26054 26060
26055 26056
26057 26059
26058 26080
26061 26062
26063 26066 26076 26077 26078
26064 26075 26079
26067 26068
26070 26081
26071 26072
30001 30002 30003
30004 30005 30010 30011
30006 30007
30008 30009
31002 31003 31023
31035 31036
33001 33002 33021 33024
33003 33020 33022 33023
33004 33005
33006 33008 33028 33029
33025 33026 33027
34001 34002 34003
34004 34016 34017
34006 34008 34014
34007 34013
34009 34011
34010 34012
35001 35008
35002 35003 35045
35004 35051
35005 35006 35032 35033
35007 35011
35009 35044 35046
35010 35012 35047
35013 35014
35015 35016 35017
35018 35020
35021 35026
35022 35023 35024
35025 35050
35027 35031
35029 35030 35049
36001 36002 36031 36043
36003 36005
36004 36024
36006 36007 36044
36008 36009 36010
36011 36013 36041
36012 36029 36037 36039
36014 36015
36016 36017
36018 36040
36019 36020 36042
36021 36022 36027
36023 36025 36034
36026 36032 36035 36038
36030 36033
37001 37004 37007 37010
37002 37003 37006 37009
37005 37030 37033
37008 37032
37050 37056 37057
37051 37052 37053
37101 37102 37116
37103 37104
37110 37111
37112 37113 37115
37114 37203 37204 37207
37201 37208 37209 37210
37205 37206 37500 37501 37503
37301 37302 37303
37340 37341
37350 37360
37361 37362 37363
37370 37377 37378 37379
37371 37372 37375 37376
37401 37404 37406
37402 37403
37410 37411
37420 37421
37430 37431 37432
37502 37504
37603 37604
37904 37913 37917
37911 37910
37914 37915 37916
38001 38003 38007 38008 38013
38002 38011 38012
38004 38006
39001 39002 39003
39005 39006
40001 40004
40002 40003
40006 40013 40014 40018
40007 40015
40008 40009 40017
40010 40011 40016
44001 44002 44006 44035
44003 44032 44039
44004 44005
44007 44031
44008 44009
44010 44011 44012
44013 44014 44015 44033
44034 44038
46001 46052 46089
46002 46003 46116
46004 46071
46005 46106 46112
46006 46064
46007 46090 46095
46009 46019 46092 46101
46011 46021 46022 46105
46012 46059 46123
46013 46014
46015 46037 46118
46016 46017 46018 46098 46107
46020 46091 46096 46121
46023 46025 46120
46024 46102 46108 46109
46026 46027 46113
46028 46114 46122
46029 46030 46031 46093
46032 46117 46119
46033 46110 46111
46034 46062 46099 46124
46035 46036 46063 46125
46038 46039 46070 46097
46048 46094 46103 46104
46050 46051 46056 46058
46400 46401 46408
46402 46403
46404 46405
46406 46407
47001 47002
47501 47502 47510 47511
47503 47504 47512 47513
47505 47509 47514 47515 47516
47506 47508
50001 50002
50003 50004
52021 52039 52040
52022 52023 52034
52024 52028 52031
52025 52026 52030 52036
52032 52035
53001 53002
56002 56054
56003 56004 56055
56005 56007
56006 56053
56008 56009 56064 56065
56010 56011
56012 56017 56066
56013 56014
56015 56056
56018 56058 56071
56020 56021
56022 56023
56024 56025
56027 56059
56028 56036
56029 56030
56031 56032
56033 56034 56067
56035 56037 56068
56038 56039
56040 56041
56042 56043
56044 56063
56045 56046 56069
56047 56048
56049 56050
56051 56061 56062
56052 56060
56057 56070
57101 57102
57104 57106
58023 58055
58025 58026
58027 58028
58029 58030
58031 58032
58054 58056 58057
