June 7, 2022 Statewide Direct Primary Election
10001 10002 10015 10028
10003 10004 10014 10027
10005 10006 10007
10008 10009 10010
10011 10012 10013
10016 10017 10018 10025
10019 10020 10026
10021 10022 10024
12001 12003 12040
12002 12004 12037
12005 12038
12006 12007 12009
12008 12010 12012
12013 12036 12042
14001 14002 14003 14011
14004 14008 14009
14006 14007 14010
15001 15010 15011
15002 15009 15017
15003 15008
15004 15005 15016 15018
15006 15007 15015 15019
15012 15013 15014
17001 17002 17003 17904
17004 17005 17006
17101 17102 17106
17103 17104
18001 18004 18054 18056
18002 18003 18049
18006 18012 18050 18064
18007 18013 18057 18065
18008 18009 18018 18060
18010 18011 18063 18068
18014 18051 18058 18066
18015 18016 18059
18019 18048
18020 18038 18047 18055
18021 18052 18061
18023 18024 18062 18067
18033 18036 18037
18034 18035 18053
21001 21004 21006 21034
21002 21003 21023 21035
21007 21008 21033
21010 21011
21012 21013 21014
22001 22002 22003 22029
22004 22005 22006 22013
22007 22014 22026 22028
22008 22015 22016 22022
22011 22012 22030
22017 22018 22025 22027
22021 22023 22024
26001 26030 26031 26082
26002 26028 26090
26003 26004 26005 26088
26006 26007 26008
26009 26085 26092
26010 26011 26012 26013
26014 26015
26016 26017 26019
26018 26020 26089
26021 26022 26083
26023 26024 26086
26025 26026 26043 26048
26027 26034 26072
26029 26032 26033
26036 26037 26073 26084
26038 26039 26071 26087
26044 26046 26070 26081
26047 26049 26050 26069
26051 26052 26068 26091
26053 26054 26060
26055 26056 26057 26059
26058 26061 26062 26080
26063 26066 26067 26076
26075 26077 26078 26079
30001 30002 30003 30013
30004 30005 30009 30011
30006 30007 30008
30010 30012
31015 31016 31017 31022
31018 31031 31032
31035 31036 31037
33001 33002 33021 33024
33003 33023
33004 33005 33025
33006 33008 33028 33029
33020 33022 33030
33026 33027
34001 34002 34003 34017
34004 34005 34016
34006 34008 34014
34007 34009 34011 34013
34010 34012
35001 35008 35046
35002 35003 35045 35052
35004 35005 35051
35006 35032 35033
35007 35009 35011 35044
35010 35012 35013 35047
35014 35015 35016 35017
35018 35020
35019 35021
35022 35023 35024 35026
35025 35027 35028 35050
35029 35030 35031 35049
36001 36026 36032 36034
36002 36003 36005 36030 36033
36004 36018 36024 36040
36006 36007 36008 36044
36009 36012 36029 36037 36039
36010 36011 36013 36041
36014 36015 36016 36017
36019 36020 36023 36042
36021 36022 36025 36027
36035 36043
37001 37004 37007 37010
37002 37003 37006 37009
37005 37301 37904 37913
37008 37030 37032 37033
37101 37102 37104 37112
37103 37116 37208 37209
37110 37111 37113 37115
37114 37201 37203 37210
37204 37205 37206 37207
37302 37303 37370 37377
37340 37420 37421
37341 37350 37360 37361
37362 37363 37378 37379
37371 37372 37375 37376
37401 37406 37407
37402 37403 37404
37410 37411
37430 37431 37432
37500 37501 37503
37603 37604
37916 37917
38001 38002 38013
38003 38007 38008 38011
38004 38006 38012
39001 39002 39003
39005 39006
40001 40002 40015
40003 40004 40005
40006 40013 40014 40018
40007 40008 40009 40017
40010 40011 40016
44001 44034 44038
44003 44004 44005 44039
44008 44009
44010 44011 44012 44013
44014 44015 44033
44032 44044
46001 46003 46052 46089
46002 46054 46055 46116
46004 46053 46071
46005 46112 46120
46006 46064 46126 46127
46007 46090 46095
46009 46019 46092 46101
46011 46021 46105
46012 46039 46123
46013 46014
46015 46037 46118
46016 46032 46117 46119
46017 46018 46098 46107
46020 46091 46106
46022 46102 46108
46023 46025 46096 46121
46024 46026 46027 46113
46028 46109 46114 46122
46029 46030 46031 46093
46033 46034 46110 46111
46035 46036 46063 46125
46038 46070 46097
46048 46094 46103 46104
46050 46051 46056 46058
46057 46059
46062 46099 46124
46400 46403 46404
46401 46402 46406
46405 46407 46409 46410
47001 47002
47050 47056 47057
47051 47052 47053
47501 47502 47510 47511
47503 47504 47512 47513
47505 47506 47508 47514
47509 47515 47516
50001 50002
50003 50004 50005
52014 52017 52018
52019 52020 52041
52021 52023 52039 52040
52022 52025 52026 52030
52024 52031 52043 52044
52028 52032 52035
52045 52046
56001 56002 56072
56003 56004 56053
56005 56006 56055 56073
56007 56008 56064 56074
56009 56020 56021 56065
56010 56011 56057 56070
56012 56017 56018
56013 56014 56075
56015 56058 56066 56071
56016 56019 56056
56022 56023 56031
56024 56025 56027 56059
56028 56036 56037 56068
56029 56030 56076 56079
56032 56041 56042 56077
56033 56034 56035 56067
56038 56080 56081 56083
56039 56040 56078 56082
56043 56044 56045 56063
56046 56047 56048 56069
56049 56050 56060 56084
56051 56052 56061 56062
56054 56085
57101 57102 57103 57107
57104 57106
57901 57902 57905
58022 58070
58025 58026 58027 58057
58028 58029 58054 58069
58030 58031 58056
58032 58071
