November 8, 2022 Statewide General Election
10001 10002 10027 10028
10003 10004
10005 10006 10007
10008 10009 10010 10011 10029 10030
10012 10013 10014 10032
10015 10031 10033
10016 10017 10018 10034
10019 10020
10021 10022 10024
10025 10026 10035
12001 12002 12037 12040 12051
12003 12012 12047 12052
12004 12005 12038 12053
12006 12009 12049 12050 12054 12055
12007 12008 12010
12013 12036 12042
14001 14002 14003 14011
14004 14005 14008 14009
14006 14007 14010
14012
15001 15002 15011 15022
15003 15004 15005 15020
15006 15007 15016 15017 15019 15023
15008 15009 15010 15021
15012 15013 15014 15015 15024
15018
17001 17002 17003 17005 17010 17904
17004 17006 17007 17008 17009
17101 17102 17106
17103 17104
17202
17203
17802
17803
17804
18001 18002 18049
18003 18004 18077
18006 18007 18012 18050
18008 18009 18018 58009
18010 18011 18063 18068
18013 18057 18065
18014 18051 18058 18066
18015 18016
18017 58016
18019 18021 18048 18052 18061
18020 18047 18054 18055
18023 18024 18038 18062 18067 58023 58055
18033 18034 18036 18037 18076
18035 18053
18056
18059 18078
18060
18064
18072
18075
21001 21002 21003 21038 21051 31002 31003
21004 21006 21034 21035 31035
21007
21008 21033
21010 21011 21012
21013 21014 21046
21023 21039 21050 31023
21049
22001 22002 22003 22011 22012 22035
22004 22005 22006 22007 22028 22034
22008 22015 22016 22017 22022
22010 22025 22030 22031
22013 22029 22033
22014 22018 22026 22027
22021 22023 22024 22037
22032
22036
26001 26002 26030 26031 26082 26090
26003 26004 26088
26005 26006 26007 26008
26009 26010 26011 26085 26092
26012 26013 26099
26014 26015
26016 26017
26018 26019 26020 26089 26101
26021 26022 26083 26097 26100
26023 26024 26025 26086
26026 26027 26028
26029 26032 26033 26034 26084
26036 26037 26038 26039 26087
26043 26048
26044 26071 26072 26073
26046 26070 26081
26047 26049 26050 26069
26051 26052 26068 26091
26053 26054 26055 26056 26057 26060
26058 26059 26061 26062 26080
26063 26066 26067 26077 26079
26064 26093
26075
26076 26078
26094
27001
27701 37701
30001 30002 30003 30009 30013
30004 30005 30011 30015
30006 30007 30008 30014
30010 30012 30016
30017
31015 31016 31018 31045 21015 21016 21018
31017 31031 21017 21031
31032 21032
31022
31036 31053
31037 31042
31043 31052
33001 33020
33002 33003 33023 33028 33036 33037
33004 33029 33033 33034
33005 33021 33024
33006 33008 33035
33022 33030 33038 33039 33040
33025 33026 33027 33031 33032
33041 33042
34001 34002 34003 34004 34016 34017
34005
34006 34007 34008 34013 34014 34018
34009 34010 34011 34012
34015
34019
34020 34021
35001 35046 35053 35054
35002 35003 35045 35052 35068
35004 35005 35051
35006 35032 35033
35007 35008 35009 35011 35044
35010 35012 35013 35047
35014 35015 35016 35017 35055 35062
35018 35019 35020 35066 35067
35021 35063 35064 35069
35022 35023 35024 35026
35025 35027 35028 35050
35029 35057 35061 35065
35030 35031 35049 35056
36001 36002 36004 36024
36003 36005 36018 36033 36040
36006 36007 36008 36009 36044
36010 36011 36013
36012 36037 36039 36048
36014 36015 36016 36017 36041
36019 36020 36042
36021 36022 36023 36045
36025 36026 36032 36034
36027
36029 36050
36030
36031 36035 36043 36046 36047
36038
36051
37001 37004 37007 37010
37002 37003 37006 37009
37005
37008 37030 37032 37033 37034
37011
37012
37013
37101 37111 37112 37130 37131
37102 37110 37122 37123
37103 37104 37113 37115 37125 37128
37114 37133 37135 37136 37137 37211
37116 37132
37117 37124 37129 37134 37311 37312
37118 37119 37120 37121
37126 37127 37208 37209 37214
37201 37203 37210
37204 37205 37206 37207 37500 37501 37503
37301
37302 37303 37370
37306 37307 37308 37309 37310
37340 37341 37350 37351 37352 37353
37371 37381
37372 37376
37375
37377
37410 37411
37420
37421 37422 37423 37424
37430
37431 37432
37433
37502 37910 37911 37923 37924
37603 37604 37605
37913 37928 37926 37927 37929
37914
37915
37916 37917
37920
37921
37922
37925
38001
38002
38003 38011 38024
38004 38020
38006 38019 38017 38018
38007
38008 38013 38015
38012
38014
38016
38021
38022
38023
39001 39002 39003 39007 39008
39005 39006
40001 40004 40005
40002 40003 40006
40007 40008 40009 40010
40011
40014 40015 40016 40017 40018
44001 44038
44002
44003 44004 44005 44036 44039
44006
44007
44008 44009 44045
44010 44011 44012 44013
44014 44015 44033
44031
44032 44050
44034
44035
44037
44040 44046
44043
44044
44047
46001 46002 46052 46071 46089 46116
46003 46064 46139 46143 46136
46004
46005 46023 46096 46108 46112 46121 46122
46006 46007 46126 46127 46095
46008 46012 46013 46057 46059 46123
46009 46092 46101
46011 46037 46048 46103 46104 46105 46118 46144
46014 46032 46117 46131
46015 46016 46017 46119 46128 46133
46018 46093
46019 46020 46021 46091 46094 46106
46022 46107
46024 46098 46102 46109
46025 46026 46027 46028 46113 46114
46029 46030 46031 46111
46033 46035 46036 46062 46099 46110 46124
46034 46038 46039 46097 46129 46132
46050 46056 46090 46141 46142
46051
46063 46125
46120
46137
46400
46401 46402 46406 46407 46409 46410
46403 46404 46405
46408
47001 47002 47014
47050 47051 47052 47056 37050 37051 37052 37056
47053 37053
47057
47058
47108
47480
47501 47502 47510 47511
47503 47504 47506 47508 47512 47513
47505 47509 47514 47515 47516
47507
47517
50001 50002 50003 50004 50005 50007
50006
52014 52017 52018 12014 12017 12018
52019 52020 52041 12020 12019 12039
52021 52022 52023 52030 52036 52039 52040
52024 52031 52044
52025 52026 52028 52032 52035
52034 52043
52045 52046
52048
53001
53002
56001 56002 56054 56072 56085 56087
56003 56004 56053
56005 56006 56007 56055 56064 56073
56008 56013 56014 56065 56070 56074
56009 56010 56011 56027 56057
56012 56017 56018 56058 56066 56071
56015 56016 56019 56056 56075
56020 56021 56022
56023 56024 56025 56030 56059
56028 56036 56079 56086
56029 56033 56034 56067 56076 56078
56031 56032 56041 56077
56035 56037 56068
56038 56044 56045 56063 56080 56083
56039 56040 56042 56043 56081 56082
56046 56047 56048 56049 56069
56050 56051 56060 56062 56084
56052 56061
56088
57001
57101 57102 57103 57107
57104
57105
57106
57201 57202
57901 57902 57905
57903
57904
57906
58022 58070
58025 58026 58027 58069 58074
58028 58029 58054 58057
58030 58031 58032 58056 58071 58073
