10001  10002  10028  10040 
10003  10004  10036 
10005  10006  10007 
10008  10011  10030  10038 
10009  10010  10029 
10012  10013  10014  10027  10032  10039 
10015  10016  10026  10031 
10017  10018  10025  10034  10035 
10019  10020  10037 
10021  10022  10024  10041 
10033 
12001  12002  12040  12051 
12003  12008  12010  12012  12047  12052 
12004  12037  12053 
12005  12038 
12006  12007  12009  12049  12054 
12013  12036  12042 
12050  12055 
14001  14002  14003  14012  14013  14014 
14004  14005  14008  14011 
14006  14007  14009  14010  14015 
15001  15002  15011  15022 
15003  15004  15005  15020 
15006  15007  15016  15017  15019  15023 
15008  15009  15010  15021  15025 
15012  15013  15014  15015  15024 
15018 
17001  17002  17005  17006  17007  17008 
17003  17004  17010 
17101  17102  17103 
17105 
17107 
17202 
17203 
17204 
17802 
17803 
17804 
17904 
18001  18002  18049 
18003  18004  18054  18056  18079  18080 
18006  18007  18009  18012  18018  18064 
18008  18013  18050  18057  18060  18065 
18010  18011  18014  18058  18063  18068 
18015  18016  18051  18059  18066  18078 
18017 
18019  18048  18061  18081 
18020  18023  18024  18047  18055  18067 
18021  18052 
18033  18034  18037  18076 
18035  18036  18053 
18062 
18072 
18075 
21001  21004  21006  21055  21059 
21002  21023  21038  21039 
21003  21035  21051  21054 
21007 
21008  21033  21034 
21010  21011  21012 
21013  21014  21046 
21047  21048  21060  21061 
21049 
21050 
22001  22003  22033  22035 
22002  22004  22013  22029  22032  22034 
22005  22006  22007  22026  22028 
22008  22015  22016  22017  22022 
22010  22014  22018  22025  22027 
22011  22012  22030  22031 
22021  22023  22024  22037  22038 
22036 
26001  26002  26031  26082 
26003  26004  26088 
26005  26006  26007 
26008  26009  26010  26085  26092 
26011  26012  26013  26099  26104 
26014  26015 
26016  26017  26018  26019 
26020  26021  26089  26101 
26022  26083  26097  26100 
26023  26024  26025  26086 
26026  26027  26028  26029  26090 
26030  26032  26033  26034  26084  26102 
26036  26037  26038  26039  26087 
26043  26044  26071  26072  26073 
26046  26047  26048  26070  26081 
26049  26050  26051  26069  26091  26098 
26052  26066  26067  26068  26096 
26053  26054  26060 
26055  26056  26057  26059 
26058  26061  26062  26079  26080 
26063  26075  26076  26077  26078  26103 
26064 
26093 
26094 
26095 
27001 
27701 
30001  30002  30003  30008  30009  30013 
30004  30005  30011  30015  30018 
30006  30007  30014  30017 
30010  30012 
31015  31016  31018  31022  31045  31056 
31017  31031 
31032  31044 
31035  31041  31052  31053  31057  31058 
31036  31043 
31037  31042 
33001  33020  33040 
33002  33003  33028 
33004  33029  33033 
33005 
33006 
33008  33035 
33021  33024 
33022  33030  33038  33039 
33023  33037 
33025  33026  33027  33031  33032 
33036 
33041  33042 
34001  34002  34003  34004 
34005  34016  34017 
34006  34007  34008  34018  34019 
34009  34010  34011  34012  34020  34021 
34013 
34014 
34015 
35001  35046  35053  35054 
35002  35003  35052  35068 
35004  35005  35051 
35006  35032 
35007  35008  35009  35011  35044 
35010  35012  35013  35047  35059 
35014  35015  35016  35017  35055  35062 
35018  35019  35020  35021  35064  35066 
35022  35023  35024  35026  35063  35069 
35025  35027  35058  35060 
35028  35050  35056 
35029  35030  35031  35049  35061  35065 
35067 
36001  36002  36003  36032  36033  36052 
36004  36005  36024  36040 
36006  36007  36008  36044  36053 
36009  36010  36011  36013 
36012  36037  36039  36048 
36014  36015  36016  36041 
36017  36018  36019  36020 
36021  36022  36023  36025  36026  36034 
36027 
36029  36050  36051  36054 
36030 
36031  36047 
36035  36043  36046 
36038 
36042  36045 
36049 
37001  37002  37003  37004  37006  37007 
37005  37013  37920  37921 
37008  37032 
37011 
37012 
37030  37034 
37101  37110  37120  37139 
37102  37122  37123 
37103  37104  37113  37128 
37111  37112  37115  37125  37130  37131 
37114  37206  37219  37501  37503 
37116  37132 
37117  37124  37129  37137  37138 
37126  37127  37208  37209  37214 
37133  37134  37135 
37136  37201  37210  37215 
37203  37211  37213  37216 
37204  37205  37207  37212  37217  37218 
37301  37302  37303  37304  37306  37363 
37305  37307  37308  37309  37310  37311 
37340  37341  37383  37384  37422  37423 
37350  37351  37352  37353 
37360  37361  37362  37379 
37370  37385  37386 
37371  37372  37375  37380  37381 
37377  37387 
37382 
37401  37402  37403  37407  37408 
37404  37406 
37410  37411  37412 
37420  37421  37424 
37430 
37431  37432  37433 
37500 
37502 
37602 
37603  37605 
37904  37918  37919  37927  37928 
37910 
37911  37913  37926  37929 
37914 
37915 
37916  37917 
37922 
37923 
37924 
37925 
38001 
38002 
38003  38011  38024 
38004  38020 
38006  38017  38018  38019 
38007 
38008  38013 
38012 
38014 
38015 
38016 
38021 
38022 
38023 
39001  39007  39008 
39002  39003 
39005  39006  39009 
40001  40002  40003  40019 
40004  40005  40006  40013  40014 
40007  40008  40009  40010  40016 
40011  40021 
40015  40017  40018  40020 
44001 
44002 
44003  44039  44048 
44004  44005 
44006 
44007 
44008  44009  44045 
44010  44011 
44012  44013  44014  44015  44033 
44031 
44032  44050 
44034  44038 
44035 
44037 
44040  44046 
44041 
44042 
44043 
44044 
44047 
46001  46002  46052  46089  46116 
46003  46143 
46004  46064  46136 
46005  46023  46121 
46006  46007  46126  46127  46134  46135 
46008  46012  46013  46059  46132 
46009  46101 
46011  46048  46103  46144 
46014  46015  46037  46118  46133 
46016  46022  46119 
46017 
46018  46093  46098  46109 
46019  46020  46021  46091 
46024  46025  46102  46113 
46026  46027  46028  46114 
46029  46030  46031  46111  46130 
46032  46117  46128  46131 
46033  46034  46035  46036  46063  46129 
46038  46039  46062  46097  46099  46123 
46050  46051  46056  46090  46137 
46053 
46057 
46071 
46110 
46120 
46138 
46140 
46141 
46142 
46400  46401  46411  46412 
46402  46406  46407  46409 
46403  46404  46405  46410 
46408 
47001  47002 
47014 
47050  47056  47057  47058 
47051  47052  47053 
47108 
47480 
47501  47502  47510  47511 
47503  47504  47512 
47505  47509  47516 
47506  47508 
47507  47517 
50001  50002  50003  50004  50005  50007 
50006 
52014  52017  52018  52041 
52019  52020  52056 
52021  52022  52023  52040 
52024  52031  52044 
52025  52030  52039  52057 
52026  52028  52032  52035  52058 
52034 
52043 
52045  52046 
52048 
53001 
53002 
56001  56002  56054  56072  56085  56087 
56003  56004  56053  56090 
56005  56006  56007  56055  56073 
56008  56013  56064  56065  56070  56074 
56009  56010  56011  56012  56057 
56014  56016  56019  56056  56075 
56015  56018  56058  56066  56071  56092 
56017  56028  56086  56091 
56020  56021  56025  56027  56059 
56022  56023  56024  56031  56089 
56029  56030  56032  56034  56076  56077 
56033  56041  56042  56043  56078  56093 
56035  56039  56040  56067  56081  56082 
56036  56037  56079 
56038  56044  56045  56063  56080  56083 
56046  56047  56052  56060  56061  56069 
56048  56049  56050  56051  56084 
56062 
56088 
57001 
57101  57102  57103  57107 
57104 
57105 
57106 
57201 
57202 
57901 
57903 
57904 
57906 
58022  58070 
58025  58026  58027  58056  58069  58074 
58028  58029  58030  58054  58057  58073 
58031  58032  58071 
