June 5, 2018 Statewide Direct Primary Election 
1001 1014 
1003 1004 
1005 1006 
1008 1010 
1011 1012 
1013 1015 
1016 1018 
1017 1025 
1019 1020 
1021 1022 1024 
1401 1411 
1403 1404 1405 
1407 1408 
1503 1504 1505 
1509 1510 1517 
1512 1513 
1514 1515 
1603 1637 
1608 1609 
1613 1636 
1617 1618 
1619 1620 
1701 1702 
1703 1704 
1801 1804 
1802 1849 
1806 1812 1850 
1807 1808 
1816 1851 
1810 1811 
1819 1848 
1821 1847 
1824 1852 
1833 1834 
1835 1836 1853 
2107 2108 
2113 2114 
2115 2116 
2117 2118 
2131 2132 
2133 2134 
2201 2202 
2203 2211 
2204 2213 
2205 2206 
2207 2208 
2215 2216 
2221 2223 
2601 2602 2682 
2605 2606 
2610 2685 
2612 2613 
2614 2615 
2616 2617 
2618 2619 
2620 2683 
2622 2623 
2625 2686 
2626 2643 
2631 2632 
2634 2684 
2646 2647 
2648 2649 
2650 2669 
2654 2660 
2655 2656 
2657 2659 
2658 2661 
2662 2680 
2663 2666 
2670 2681 
2671 2672 
3001 3002 3003 
3006 3007 
3102 3103 
3304 3305 
3312 3315 
3321 3322 
3323 3328 
3324 3329 
3326 3327 
3340 3341 
3402 3403 
3410 3411 
3451 3454 
3452 3453 
3455 3456 
3457 3458 
3459 3461 
3460 3462 
3502 3544 
3507 3511 
3512 3514 
3520 3521 
3522 3526 
3525 3527 
3601 3604 
3602 3603 
3605 3606 
3608 3609 
3610 3611 
3613 3614 3615 
3617 3618 
3620 3623 
3621 3622 
3624 3625 
3702 3724 
3802 3804 
3901 3902 
3905 3906 
4404 4405 
4407 4408 4410 
4409 4411 
4412 4413 
4601 4689 
4604 4605 
4612 4648 
4613 4614 
4616 4632 
4618 4624 
4622 4623 
4627 4628 
4633 4634 
4638 4662 
4680 4683 
4681 4682 
4686 4687 
5001 5004 
5101 5102 
5103 5104 
5521 5539 
5525 5526 
5528 5532 
5601 5654 
5603 5653 
5605 5606 
5609 5610 5657 
5611 5613 
5612 5614 5658 
5615 5616 
5617 5618 
5620 5621 
5623 5630 
5624 5625 5659 
5631 5632 
5633 5634 
5635 5637 5638 
5639 5640 
5641 5642 5643 
5644 5645 
5647 5660 
5648 5649 
5651 5652 5661 
5825 5826 5854 
5827 5828 
5829 5830 5831 
