November 5, 2019 Consolidated Municipal, School and Special District Election
1001 1002 1018 1019 
1003 1014 1015 
1004 1005 1006 1007 
1008 1010 1011 1012 
1016 1017 1025 
1020 1021 1022 1024 
1601 1603 1613 1637 
1602 1604 1606 1607 
1608 1609 1610 
1612 1619 1620 1636 
1614 1617 1618 1639 
1701 1702 
1703 1704 1705 
2201 2202 2203 2211 
2204 2206 2213 
2205 2207 2208 
2214 2218 2225 2226 
2215 2216 2217 2221 
2222 2223 2224 
2601 2602 2603 2682 
2604 2605 2606 2622 
2607 2608 2609 2685 
2610 2611 2621 2683 
2612 2613 2616 2617 
2618 2619 2654 2655 
2620 2649 2651 2653 
2623 2624 2628 2686 
2625 2627 2644 2672 
2626 2643 2647 2648 
2629 2630 2634 2673 
2631 2632 2633 2684 
2636 2637 2638 2639 
2646 2669 2670 2681 
2650 2652 2667 2668 
2656 2657 2658 2659 
2660 2661 2662 2680 
2663 2664 2666 2677 2679 
2676 2678 
3004 3010 
3303 3304 3305 
3306 3314 
3310 3312 
3313 3315 
3320 3321 3322 3323 
3324 3328 3329 
3325 3326 3327 
3330 3377 3704 
3340 3360 
3381 3382 
3701 3724 
3703 3709 
3720 3721 3722 
3807 3808 
4501 4502 
4601 4602 4689 
4603 4650 
4605 4664 4690 
4607 4695 
4609 4801 
4612 4613 4648 4659 
4614 4637 
4617 4618 4693 
4624 4802 
4630 4631 
4633 4635 
4638 4670 
4651 4656 4658 
4701 4702 
5001 5002 5004 
5521 5522 5523 5539 
5525 5526 5530 5536 
5528 5532 5535 
